5.514031035097167
5.514031035097168
5.514031035097166
1.5104801334267406
1.5104806185908037
1.5104806185908035
1.4664932897745881
5.514031035097166
5.514031035097168
1.5104806185908037
1.5104801334267406
1.4664932897745881
1.5104806185908035
5.514031035097167
1.510480618590803
1.4664932897745881
1.510480133426741
1.5104806185908037
1.466493289774588
1.5104806185908037
1.5104806185908037
1.5104801334267415
5.514031035097166
5.514031035097168
5.514031035097166
5.514031035097168
5.514031035097167
5.514031035097166
